0100001101000010001100100011010011000010100011001001011000001101
1100001010001100100101100000110100011000110000110001010101011010
0001100011000011000101010101101001110101101111010001100001011000
0111010110111101000110000101100011000101011110000011110001111000
1100010101111000001111000111100010110111110101011101011110110010
1011011111010101110101111011001000100100011111001100011001111010
0010010001111100110001100111101011010101011010010100101110010000
1101010101101001010010111001000000000110010010101011101000010000
0000011001001010101110100001000011101001011001111100110101101001
1110100101100111110011010110100110001010010011111010011000110111
1000101001001111101001100011011101110111001000100000000001000101
0111011100100010000000000100010110100010010111000000101111110100
1010001001011100000010111111010011001100000000010111011100001001
1100110000000001011101110000100111101111010010100110010101000100
1110111101001010011001010100010011110000101010101111000010101010
1111000010101010111100001010101011001100000000001100110011111111
